22 serialization::archive 15 0 1 0
0 3130 0 0 12 0 2 1 0
1 164 168 1 0 0 23 0 0 0 10097241 2069 2 10097243 2071 1 10097247 2111 5 10097266 2116 12 10097288 2128 16 10097304 2145 1 10097312 2146 5 10097317 2161 2 10097338 2163 7 10097345 2182 17 10105246 2943 14 10105279 2957 8 10105289 2986 3 10105292 3000 2 10105301 3043 9 10105343 3052 12 10105374 3064 3 10105377 3072 12 10105394 3097 5 10105402 3102 11 10105415 3113 12 10105436 3125 2 10105440 3127 3 15161805 2
2 101 9 1 8 0 93927129 2070 1 93927131 2071 1 93927147 2093 12 93927163 2105 14 93927178 2119 25 93927208 2152 1 93927212 2153 10 93927222 2163 37 103241611 -1 -1 2
3 166 26 1 11 0 13843267 391 52 13843519 443 21 13843540 481 40 13843583 532 16 13860839 1770 1 13861276 2023 4 13861300 2027 12 13861324 2039 4 13861328 2051 8 13861336 2060 7 13861343 2068 1 35828716 2
4 43 33 0 7 0 56600128 1777 6 56600136 1783 13 56600183 1825 1 56600422 2071 1 56600554 2157 6 56600570 2188 12 56610792 2365 4 88915250 2
5 153 7 1 16 0 29369908 402 41 29378410 1927 1 29378411 1930 3 29378416 1933 10 29378433 1943 1 29378457 1944 10 29378467 1958 3 29378470 1974 20 29378491 1994 24 29378517 2018 9 29378526 2028 11 29378548 2039 4 29378552 2054 2 29378554 2069 2 29378556 2071 1 29378601 2188 11 81724687 -1 2
6 278 234 1 17 0 495610 481 39 506797 1722 8 506811 1743 2 506818 1745 22 506841 1767 28 506869 1822 3 506872 1825 18 506898 1843 12 506910 1858 5 506916 1879 20 506942 1899 25 506973 1928 5 506978 1935 12 506990 1969 40 507030 2020 26 507065 2051 6 507071 2062 7 173707219 2
7 161 18 1 13 0 745131 443 7 745138 453 17 745155 486 34 756972 2077 16 757006 2093 11 757017 2105 6 757025 2111 24 757052 2135 18 757070 2153 2 757072 2156 7 757079 2163 5 757084 2169 7 757091 2193 7 156508116 2
8 1329 0 0 24 0 4687082 0 93 4687181 93 10 4687191 114 174 4687724 482 39 4687766 521 9 4687779 530 8 4687787 540 13 4687802 553 56 4696363 1553 214 4696577 1767 16 4696597 1783 42 4696639 1825 28 4696667 1862 37 4696704 1899 167 4727221 2069 2 4727223 2071 5 4727229 2076 1 4727231 2077 16 4727269 2093 60 4727329 2153 1 4727330 2155 8 4727338 2163 37 4736107 2200 276 4736383 2479 17 229590362 2
9 3130 149 0 18 0 1445258 0 93 1445351 93 350 1469460 443 78 1469538 521 9 1469547 530 23 1469570 553 1000 1485014 1553 214 1485228 1767 58 1485286 1825 74 1485360 1899 170 1523242 2069 2 1523244 2071 5 1523249 2076 1 1523250 2077 16 1523266 2093 60 1523326 2153 10 1523336 2163 37 1531791 2200 930 248956422
