0.0126632974
0.0051106232
0.0006193083
0.0070322551
0.0110004677
0.0045092535
0.0113237332
0.0088913736
0.0164907580
0.0380315981
0.0619595154
0.0088239602
0.0358278278
0.0064950447
0.0127927102
0.0052566693
0.0029301230
0.0195203843
0.0033098409
0.0216026595
0.0100441698
0.0022706577
0.0065959019
0.0085893665
0.0064025596
0.0015767904
0.0120334254
0.0029629812
0.0044661407
0.0195706295
0.0012855365
0.0605734730
0.0023566188
0.0007376698
0.0007998679
0.0009317970
0.0196640635
0.0003218733
0.0054112637
0.0165957136
0.0044379547
0.0051920525
0.0262729869
0.0039893480
0.0199209137
0.0151326838
0.0042087564
0.0106985941
0.0000013874
0.0004118639
0.0000075414
0.0034532502
0.0214605259
0.0124236786
0.0069151925
0.0049537281
0.0000002406
0.0583122854
0.0341241162
0.0942044604
0.0093988703
0.0089173311
0.0082582567
0.1699220780
0.0025513404
0.0216846438
0.0564843208
0.0086570007
0.0015506977
0.0224107512
0.0060668499
0.0098047021
0.0055668478
0.0083171884
0.0003083720
0.0032197142
0.0022361369
0.0155626130
0.0006711308
0.0033859321
0.0219818045
0.0034449518
0.0333530390
0.0012006561
0.0010507003
0.0171761641
0.0075443457
0.0026021436
0.0060904237
0.0167861161
0.0040634194
0.0118296363
0.0190678727
0.0111539460
0.0345864806
0.0005791883
0.0340932347
0.0695300830
0.0768040663
0.0612283392
0.0014275218
0.0547407990
0.0137875558
0.0044076733
0.0204702110
0.0143561862
0.0002579411
0.0289139787
0.0002054966
0.0088859179
0.0175944429
0.0058813428
0.0391711356
0.0820300751
0.0330516419
0.0028802106
0.0006726368
0.0044973392
0.0017658671
0.0025866592
0.0467267723
0.0011391217
0.0008376479
0.0001184445
0.0002987719
0.0073449305
0.0016387244
0.0016661008
0.0110318447
0.0049316093
0.0005243805
0.0061878080
0.0094567029
0.0033053957
0.0132834135
0.0068360385
0.0099473257
0.0162225974
0.0561264670
0.0097100889
0.0192969459
0.0042653887
0.0131755806
0.0043160619
0.0024374864
0.0191904105
0.0022993228
0.0161797322
0.0095261471
0.0020972052
0.0159075160
0.0050916362
0.0068709755
0.0015612084
0.0186615686
0.0079955323
0.0036861050
0.0174869381
0.0008437161
0.0362911450
0.0017197686
0.0004568933
0.0003455330
0.0002639206
0.0134576437
0.0001950443
0.0054202941
0.0107753733
0.0064752775
0.0036902333
0.0210241284
0.0032158447
0.0200883009
0.0130965377
0.0033133848
0.0116142083
0.0000006398
0.0000834441
0.0000002257
0.0030274306
0.0255834998
0.0097496359
0.0070935241
0.0031899476
0.0000001222
0.0613438877
0.0511927347
0.0931088815
0.0088022284
0.0056099137
0.0105963661
0.2507208370
