0.0053453756
0.0214318376
0.0267013733
0.0076423941
0.0146873809
0.0384940595
0.0104789498
0.0170492905
0.0005608469
0.0005590153
0.0015480612
0.0059732246
0.0136407309
0.0267948159
0.0000555344
0.0207298831
0.0191341989
0.0000888744
0.0088409623
0.0009105683
0.0001142450
0.0085566470
0.0002453373
0.0013476562
0.0130660495
0.0154763936
0.0088644527
0.0110351832
0.0150264017
0.0071687744
0.0280031570
0.0141775286
0.0255633779
0.0262958114
0.0446053392
0.0317592199
0.0170259217
0.0571715483
0.0101976707
0.0246359892
0.0167302258
0.0307508637
0.0013917722
0.0299314656
0.0044735910
0.0082363782
0.0251690925
0.0268389557
0.0193854211
0.0680969237
0.0046297730
0.0434873693
0.0255105110
0.0154454051
0.0049899972
0.0175860917
0.0238412323
0.0000260794
0.0005668774
0.0004144553
0.0135840927
0.0049191523
0.0045885173
0.0084016749
0.0147771504
0.0219708915
0.0493207368
0.0056608568
0.0000622866
0.0294849686
0.0003534649
0.0050185079
0.0004520418
0.0307803187
0.0005429830
0.0164918827
0.0015765369
0.0227463431
0.0141888816
0.0142751365
0.0133610202
0.0052812587
0.0444191140
0.0000393733
0.0277752476
0.0455149724
0.0306691840
0.0107729737
0.0158988255
0.0166176100
0.0024355350
0.0043363535
0.0289586233
0.0137609850
0.0162664809
0.0004154052
0.0525302187
0.0358715420
0.0534634577
0.0463740719
0.0002383915
0.0139433314
0.0090809141
0.0014036980
0.0001005852
0.0200886185
0.0007217179
0.0001867938
0.0041657752
0.0083772203
0.0135098925
0.0001023185
0.0094325652
0.0639450233
0.0051370988
0.0214060838
0.0066042715
0.0028306381
0.0273224627
0.0005641110
0.0033383256
0.0012272294
0.0053703907
0.0002368384
0.0034120681
0.0478048172
0.0007073980
0.0362761809
0.0053666927
0.0093992101
0.0170018474
0.0183888005
0.0083755584
0.0021573555
0.0210023190
0.0137305292
0.0122151265
0.0008256000
0.0286603795
0.0342985915
0.0321463627
0.0078947164
0.0396061105
0.0121065466
0.0026132028
0.0091622114
0.0118377004
0.0207198537
0.0000791105
0.0001185164
0.0000925259
0.0172566618
0.0007267344
0.0155958758
0.0129506098
0.0314244616
0.0100500869
0.0027006316
0.0027677941
0.0120478481
0.0499304688
0.0076309204
0.0489996182
0.0283211203
0.0034086678
0.0009713809
0.0007957458
0.0093572108
0.0065341608
0.0003251279
0.0051879791
0.0261577202
0.0095607236
0.0015152132
0.0037277960
0.0209750615
0.0118795591
0.0303129510
0.0109325964
0.0517298550
0.0024573201
0.0042101129
0.0033966757
0.0107918895
0.0127816072
0.0300892219
0.0521815503
0.0543372519
0.0086663316
0.0002019535
0.0075316064
0.0717810306
0.0041399582
0.0274225729
0.0529432859
0.0101674444
0.0041500683
0.0329111767
0.0078541010
0.0086466314
0.0269777712
0.0390963170
0.0015168511
0.0122452588
0.0006972723
0.0141539886
0.0000839695
0.0040386461
0.0097533322
0.0360537957
0.0460866385
0.0087401773
0.0012056431
0.0243882084
0.0171897602
0.0005262752
0.0086906539
0.0202709737
0.0090363315
0.0004591593
0.0093111168
0.0289786798
0.0385389711
0.0013245098
0.0140533644
0.0191048010
0.0606757014
0.0168879069
0.0043053273
0.0392967029
0.0189186562
0.0263712224
0.0227429384
0.0372294306
0.0029637223
0.0130306662
0.0050079181
0.0344789717
0.0292619195
0.0077896578
0.0092625327
0.0018590981
0.0080074464
0.0001138048
0.0011540043
0.0289838854
0.0006120144
0.0155952883
0.0000030850
0.0342263945
0.0001480628
0.0008803501
0.0003246359
0.0348898699
0.0018824588
0.0023386219
0.0382969625
0.0026240800
0.0473753725
0.0026770888
0.0583250222
0.0065831787
0.0017151497
0.0101160246
0.0020499984
0.0278306079
0.0004659195
0.0200550614
0.0003212067
0.0028976462
0.0069187692
0.0070122564
0.0402205117
0.0287838187
0.0344815561
0.0338542043
0.0484194480
0.0025573351
0.0014102615
0.0001726976
0.0037058726
0.0015381314
0.0020275541
0.0005149888
0.0092776455
0.0480609295
0.0294343784
0.0216848457
0.0121772469
0.0080857817
0.0169206965
0.0142435886
0.0269962109
0.0098165626
0.0250993889
0.0126677289
0.0088172073
0.0012171986
0.0121467328
0.0041934302
0.0349854427
0.0107601523
0.0073470599
0.0168410148
0.0000574217
0.0532540182
0.0042705947
0.0160054355
0.0193450957
0.0231789821
0.0015744182
0.0059419239
0.0000010011
0.0082635783
0.0001617067
0.0093082768
0.0046722250
0.0011047771
0.0840590345
0.0050775435
0.0023252220
0.0040399840
0.0000521030
0.0104280770
0.0131493118
0.0023390606
0.0133024699
0.0054177555
0.0134349455
0.0011435348
0.0353666524
0.0002212872
0.0278859943
0.0075542240
0.0037751482
0.0103772072
0.0010263177
0.0029572096
0.0001314711
0.0141037685
0.0274720116
0.0014098135
0.0080519816
0.0160678451
0.0187337414
0.0054428974
0.0205300678
0.0040911055
0.0209768624
0.0133362504
0.0005839725
0.0359547947
0.0001271766
0.0000689694
0.0001721957
0.0000610943
0.0405131492
0.0021974484
0.0087773166
0.0032266204
0.0089838472
0.0073986089
0.0373853201
0.0034321190
0.0400888842
0.0161440509
0.0028044211
0.0079096352
0.0149180954
0.0001894304
0.0144994084
0.0009557457
0.0463566143
0.0257206535
0.0352045200
0.0148072047
0.0202907102
0.0123381629
0.0066209313
0.0208366408
0.0491074026
0.0077486009
0.0197260546
0.1897058787
0.0224012758
0.0004338250
0.0265109755
0.0006626902
0.0093758038
0.0009609208
0.0034418066
0.0053523219
0.0096436554
0.0318262369
0.0089587878
0.0493120559
0.0145085495
0.0020637927
0.0166903495
0.0047601681
0.0276239068
0.0042625339
0.0229312354
0.0338248380
0.0182058668
0.0338888364
0.0376208431
0.0469760690
0.0064824284
0.0090945073
0.0120007541
0.0252002983
0.0002850721
0.0000727732
0.0000411599
0.0038458840
0.0284707564
0.0251547487
0.0311835098
0.0205272007
0.0085019032
0.0016377556
0.0238206045
0.0040877450
0.0042528477
0.0006968224
0.0061734201
0.0015334377
0.0184116600
0.0052708801
0.0051706663
0.0072203475
0.0059886832
0.0322034747
0.0118872717
0.0281700033
0.0030214907
0.0052996383
0.0377818043
0.0130740280
0.0000018202
0.0063918951
0.0204832861
0.0227730467
0.0067154927
0.0129271942
0.0053421751
0.1065641678
0.0150780354
0.0039340779
0.0259392222
0.0090460481
0.0168685498
0.0003330731
0.0048127044
0.0121591845
0.0035047838
0.0019508941
0.0035334454
0.0060269390
0.0043081557
0.0051912830
0.0184661831
0.0124055881
0.0041443017
0.0016858485
0.0178943844
0.0036142985
0.0544530343
0.0135510234
0.0273642277
0.0165032416
0.0053717542
0.0006536919
0.0034599506
0.0020459381
0.0120483337
0.0231634618
0.0004501170
0.0132980857
0.0304517333
0.0124914422
0.0260622322
0.0196870049
0.0266052122
0.0000235121
0.0101913821
0.0057349332
0.0004677315
0.0026098690
0.0343454499
0.0095973105
0.0534442492
0.0131913335
0.0024443208
0.0092636437
0.0112253580
0.0548469920
0.0148741235
0.0418871509
0.0355446654
0.0192975950
0.0384804881
0.0085147893
0.0015882216
0.0044822648
0.0156443226
0.0059474182
0.0158438345
0.0223366449
0.0314452258
0.0781696843
