0.015136103570482463
0.017431173241525006
0.0179744496465943
0.015770150351713925
0.015000093259087948
0.016536594709354674
0.01617185706511578
0.01604705373926599
0.0152787703221267
0.01610622565292021
0.014657180910336498
0.016336268026279688
0.01462409094575305
0.016025694588549605
0.014102274510103718
0.01501100113457514
0.017171765122082086
0.015058207788302257
0.017128111887503936
0.015397171239246943
0.014802402413507523
0.01516304253360722
0.015253997860245656
0.015262748224589359
0.015885839746267463
0.015225012788949234
0.015557501862236435
0.014795556020132985
0.016665490874841895
0.015398376359345824
0.017224148145492738
0.014522691297798413
0.017252918036492752
0.017997303686958024
0.018038677043751828
0.017254807912155685
0.015313717729945359
0.017332648799336766
0.015915991651221557
0.01688311768918781
0.01509636848627042
0.015684497273743884
0.014763097802959025
0.014574713485771303
0.014991453828713062
0.016328649658003194
0.01647970717173006
0.015861735818128643
0.014761167636478341
0.016736062865948816
0.014750018570917496
0.015633410693558177
0.0145786006262103
0.015632231715635922
0.015775986138664353
0.014913530617285363
0.014777587900818942
0.01433550947279018
0.014255956012993093
0.01423681185832834
0.014604638419936509
0.014535346792021833
0.015547119937148527
0.012435568828959529
0.015169422688042873
0.017396676326399983
0.01792965595876642
0.015827272124331323
0.014920046821885281
0.01658169521533848
0.016154629352906926
0.016320772718324033
0.015274105230664659
0.01612856251090218
0.014707656836787675
0.01631544829576616
0.014617349376921036
0.016043146424142837
0.014091366792489757
0.015218296474722528
0.017278742843863732
0.015065463287970836
0.01714642414008673
0.015443574870138588
0.014619913191379296
0.015113684676095179
0.015317697023266286
0.015240985190353827
0.015883258523738036
0.015356629595052898
0.015483113203541895
0.014788033639080092
0.016591054979181247
0.015375257797640216
0.017224609333208022
0.014441475900300735
0.017245465658152926
0.018087288235924967
0.018059316707400606
0.017272981329073723
0.015186552325831288
0.017373325277300906
0.015856708917713833
0.016765539997735012
0.015057347376359921
0.015557580219266976
0.014729682503333761
0.014569990147661267
0.01497685113861345
0.01654465018830474
0.01656613362864059
0.015540576525124512
0.014764246320006358
0.01667770377656288
0.014745650006832076
0.01567005097161931
0.014635900921860217
0.015725949964978295
0.01585984763439036
0.014937731939336943
0.014749561772859717
0.014306352722769658
0.014250221114745729
0.014227427739708788
0.014681736618581359
0.01452083947610534
0.015401827085203339
0.012388940414711228
0.01599913131854859
0.013829172364450287
0.01343997447030159
0.01543004315254718
0.016245767843255023
0.01461321906288168
0.014987572709273379
0.015136057115260948
0.016033520247538888
0.015210695928040023
0.01662035592220677
0.01494754405339193
0.01663113628441811
0.015087626782218568
0.017168174673040427
0.016409071641817576
0.014139983017057788
0.01627725163042615
0.014124876107381786
0.01571189890235113
0.016577040626758303
0.016320002092194922
0.015948716869144283
0.01599309020299473
0.015156358280787933
0.01600549182065239
0.01564496954681286
0.01642572341514666
0.014592825444977585
0.01589911245441729
0.01401978248265934
0.016727544734051115
0.01399673339403478
0.013359338633082737
0.013326567740333396
0.013999466985971007
0.015891913134880913
0.013969382207523914
0.015312206649368746
0.014516881712626835
0.016021711116659156
0.01561420009417625
0.0165143912161902
0.016625242267950483
0.016258640988924183
0.014786301110459773
0.014783190467553279
0.015617522985368618
0.016447366907378823
0.01445398363232936
0.016411236102978
0.015463729987419926
0.01661791258495553
0.015298219389073624
0.0153145001304088
0.01628570582033832
0.016498069105066987
0.016997232403529527
0.01707312842753948
0.017093186542693605
0.016601956450100784
0.016756170525517155
0.015471045605476052
0.0192691344830844