22 serialization::archive 15 0 1 0
0 13395 0 0 12 0 -1 -1 2 1 0
1 6 40754 0 0 0 1 0 0 0 6353427 0 6 8353778 2
2 1 5 1 1 0 77787453 321 1 85730050 -1 -1 2
3 529 22 1 28 0 98699883 4120 11 98699898 4131 7 98699923 4138 16 98700809 5179 10 98700821 5195 3 98701292 5692 20 98701312 5713 19 98701331 5753 29 98706995 9889 34 98707030 9923 34 98707064 9961 25 98707089 9987 63 98707153 10050 5 98707158 10056 21 98707180 10078 13 98707193 10092 31 98707224 10124 18 98707242 10143 15 98707257 10174 22 98707283 10196 41 98707325 10238 34 98707360 10276 7 98707368 10283 1 98707393 10285 21 98707415 10306 20 98707435 10327 5 98707490 10338 2 98709705 12590 2 121430405 2
4 5309 4 1 169 0 121985554 3901 81 121985635 3985 22 121985657 4009 37 121989735 4275 14 121989753 4289 22 121989781 4311 48 121989831 4359 5 121989836 4365 32 121989869 4397 11 121989880 4409 36 121989920 4445 4 121989929 4449 34 121990295 4500 48 121991790 4548 45 121991839 4593 56 121991896 4649 31 121991927 4681 30 121991957 4712 9 121991966 4758 27 121991994 4785 7 121992002 4792 37 121992043 4829 39 121992082 4869 12 121992095 4881 19 121992114 4902 51 121992165 4958 26 121992192 4984 18 121992214 5002 5 121992219 5008 11 121992230 5020 9 121992253 5029 14 121992267 5048 10 121992298 5058 27 121992325 5095 15 121992485 5148 9 121992507 5157 2 121992509 5162 13 121992584 5175 4 121992615 5179 8 121992649 5187 11 121992673 5198 10 121992691 5208 9 121992703 5217 7 121992710 5225 1 121992755 5226 18 121992798 5244 4 121992802 5255 28 121992842 5283 8 121992867 5291 14 121992881 5306 120 121993001 5427 73 121993077 5500 32 121993109 5533 27 121993137 5560 21 121993159 5581 109 121993270 5692 54 121993330 5746 12 121993343 5758 76 121993419 5835 109 121993528 5950 146 121993674 6097 20 121993694 6132 4 121993702 6136 8 121993726 6144 15 121993746 6159 21 121993767 6181 29 121993796 6211 76 121993872 6294 51 121993923 6346 38 121993961 6385 7 121993968 6393 6 121993974 6404 23 121993997 6430 4 121994001 6436 9 121994010 6446 37 121994048 6483 26 121994074 6510 53 121994127 6564 73 121994200 6640 5 121994205 6663 29 121994234 6695 3 121994237 6699 19 121994258 6718 21 121994280 6739 26 121994307 6765 116 121994423 6884 6 121994429 6903 121 121994550 7025 26 121994576 7053 13 121994600 7066 23 121994623 7090 5 121994629 7096 12 121994642 7108 20 121994662 7129 24 121994686 7154 12 121994698 7169 8 121994706 7178 11 121994721 7189 14 121994735 7205 34 121994769 7241 22 121994792 7263 31 121994823 7299 45 121994868 7345 33 121994901 7396 10 121994911 7417 10 121994926 7427 19 121994945 7450 85 121995030 7538 14 121995047 7552 194 121995245 7746 45 121995291 7791 31 121995323 7822 16 121995339 7843 17 121995357 7860 62 121995424 7922 5 122000315 7930 18 122000333 7973 13 122000348 7986 58 122000406 8045 51 122000457 8098 80 122000567 8178 14 122000581 8193 17 122000606 8210 4 122000610 8216 29 122000639 8246 9 122000648 8324 23 122000671 8348 18 122000689 8372 10 122000704 8382 35 122000739 8418 10 122000749 8429 53 122000802 8483 285 122001087 8787 21 122001108 8814 56 122001164 8877 11 122001175 8893 20 122001195 8914 58 122001253 8980 2 122001260 8982 10 122001271 8992 5 122001332 8997 37 122001369 9035 19 122001390 9054 4 122001394 9060 39 122001433 9100 36 122001480 9136 63 122001548 9199 12 122001560 9220 23 122001585 9243 4 122001589 9248 55 122001645 9303 21 122001667 9324 38 122001705 9365 13 122001718 9381 8 122001726 9391 33 122001759 11545 24 122001792 11569 23 122001815 11607 24 122001841 11631 30 122001871 11662 11 122001882 11683 27 122001912 11710 101 122002014 11811 25 122002040 11836 20 122002062 11856 42 122002104 11899 2 122002107 11901 35 122002142 11944 24 122002166 11973 102 143360832 2
5 2 157 1 1 0 54554543 66 2 266435125 2
6 4 17 1 2 0 50958897 66 2 50959148 306 2 160039680 2
7 5913 0 0 51 0 112091696 2841 30 112091728 2871 30 112091764 2901 290 112092054 3192 165 112092219 3358 220 112092439 3580 85 112116266 3984 23 112116385 4094 80 112116571 4270 60 112120608 8324 455 112121063 8785 88 112121152 8873 119 112121272 8992 179 112121455 9171 302 112121757 9475 115 112121879 9590 57 112121936 9649 48 112121984 9698 51 112122035 9755 173 112122208 9929 115 112122323 10045 235 112122559 10280 3 112122563 10283 65 112122628 10352 629 112123317 11051 196 112123521 11247 66 112123597 11313 4 112123602 11317 26 112123628 11344 23 112123651 11369 44 112123699 11413 217 112123916 11647 404 112124320 12052 26 112124346 12085 149 112124495 12235 32 112124534 12267 174 112124723 12441 289 112125012 12733 15 112125028 12748 7 112125035 12757 26 112125106 12783 46 112125153 12829 63 112125216 12899 29 112125245 12929 77 112125322 13007 22 112125344 13030 14 112125358 13045 11 112125370 13056 80 112125450 13139 8 112125459 13147 229 112125694 13376 19 229590362 2
8 3143 149 0 18 0 108420940 0 306 108421246 306 10 108421256 316 2525 108423781 2841 1060 108448595 3901 369 108448964 4270 89 108449053 4359 816 108449869 5175 4 108449873 5179 957 108450830 6136 347 108451177 6483 235 108451412 6718 1492 108452904 8210 1380 108454284 9590 1461 108455745 11051 362 108456107 11413 854 108456961 12267 174 108457135 12441 954 248956422
