22 serialization::archive 15 0 1 0
0 2885 0 0 12 0 -1 -1 2 1 0
1 602 4388 1 0 0 20 0 0 0 677127 0 24 677151 27 84 677236 111 29 677265 141 16 677281 157 10 677291 170 54 677345 224 4 677351 228 44 677395 279 73 677468 358 22 677490 2607 28 677519 2635 5 677524 2673 28 677552 2702 9 677561 2712 30 677607 2742 64 677673 2806 9 677683 2816 28 677714 2844 16 677731 2860 25 1645759 -1 2
2 243 33 0 8 0 9987026 2635 24 9987050 2659 83 9987149 2742 34 9987183 2780 26 9987211 2806 9 9987220 2816 27 9987254 2844 16 9987271 2860 24 27469976 2
3 631 31 1 24 0 2155599 2 20 2155619 25 14 2155634 39 2 2155636 42 16 2155842 58 10 2155853 69 42 2155896 111 27 2155924 138 17 2155941 156 1 2155943 157 34 2155977 192 32 2156009 224 50 2156059 281 31 2156090 314 70 2156160 2609 22 2156182 2632 3 2156185 2635 24 2156209 2659 83 2156304 2742 64 2156370 2806 39 2156409 2846 2 2156416 2848 13 2156429 2870 6 2156439 2876 9 23914537 2
4 630 22 1 24 0 112146867 0 8 112146875 9 30 112146906 39 72 112146979 111 46 112147025 157 67 112147092 224 4 112147098 228 12 112147111 240 14 112147139 254 20 112147159 281 31 112147190 314 45 112148484 2591 1 112148486 2592 6 112148492 2600 1 112148494 2601 34 112148528 2635 24 112148552 2659 34 112148586 2697 40 112148636 2742 7 112148643 2750 37 112148680 2788 18 112148700 2806 39 112148745 2845 20 112148766 2865 20 121430405 2
5 457 4 1 17 0 110775673 0 17 110775690 18 93 110775784 111 46 110775830 157 6 110776361 2569 12 110776373 2588 2 110776380 2591 9 110776389 2601 30 110776428 2631 4 110776432 2635 8 110776455 2643 16 110776471 2663 79 110776566 2742 21 110776587 2764 42 110776631 2806 37 110776668 2850 10 110776685 2860 25 143360832 2
6 449 46 1 20 0 23720893 157 17 23720910 175 49 23720961 224 11 23720972 239 33 23721005 279 6 23721011 302 27 23721038 331 35 23721074 2591 9 23721083 2601 19 23721102 2621 10 23721121 2631 4 23721125 2635 8 23721146 2643 15 23721166 2659 83 23721259 2750 56 23721317 2806 16 23721334 2822 14 23721350 2836 7 23721357 2850 10 23721367 2865 20 114033958 2
7 203 10 1 7 0 23539282 2661 81 23539373 2750 56 23539431 2806 16 23539448 2822 21 23539469 2850 10 23539479 2865 1 23539480 2867 18 195471971 2
8 1640 0 0 18 0 139653973 0 17 139653990 29 128 139654118 157 67 139654185 224 138 139654323 363 142 139654465 506 283 139654748 790 27 139654776 817 29 139655083 848 130 139655213 980 34 139655247 1016 65 139655314 1081 133 139655447 1215 149 139656710 2587 4 139656714 2591 10 139656724 2601 34 139656758 2635 24 139656782 2659 226 229590362 2
9 2885 149 0 9 0 160497115 0 157 160497272 157 67 160497339 224 593 160497932 817 1264 160499196 2081 510 160499706 2591 10 160499716 2601 34 160499750 2635 24 160499774 2659 226 248956422
